9 269 474
48 376 637 1270 5506 6799 6871
6 56 218 583 701 997 1106 1628 1761 2067 2166
23 313 478 618 743
15 260 440 714 1276 1340 1866 2067 7475 7551 7930
64 1294 1384 1754 1859 3069 3799 4029
21 426 1056 1366 1656 1746
3 42 262
9 269 474
49 289 388
48 376 637 1270 5506 6799 6871
6 56 218 583 701 997 1106 1628 1761 2067 2166
12 313 478 618 743
3 260 440 714 1276 1340 1866 2067 7475 7551 7930
64 1294 1384 1754 1859 3069 3799 4029
21 426 1056 1366 1656 1746
140 960 1155 1515 1633 1957 2255 2633 4735 4887 5128
3 42 262
9 269 474
48 376 637 1270 5506 6799 6871
6 56 218 583 701 997 1106 1628 1761 2067 2166
27 313 478 618 743
65 260 440 714 1276 1340 1866 2067 7475 7551 7930
64 1294 1384 1754 1859 3069 3799 4029
21 426 1056 1366 1656 1746
140 960 1155 1515 1633 1957 2255 2633 4735 4887 5128
3 42 262
9 269 474
2 289 388
48 376 637 1270 5506 6799 6871
6 56 218 583 701 997 1106 1628 1761 2067 2166
5 313 478 618 743
24 260 440 714 1276 1340 1866 2067 7475 7551 7930
64 1294 1384 1754 1859 3069 3799 4029
21 426 1056 1366 1656 1746
140 960 1155 1515 1633 1957 2255 2633 4735 4887 5128
3 42 262
39 322 521
59 234
12 119 326 1791 2750 2851
36 166 286 1036 1176
111 381 776 1106
223 529 773 898 1341 1457 1752 2086 5519 5584 5916
21 887 1622 1757 2412 2552 2592 3282 3662 3752
120 280 590 620
75 225 565
39 322 521
59 234
12 119 326 1791 2750 2851
36 166 286 1036 1176
111 381 776 1106
223 529 773 898 1341 1457 1752 2086 5519 5584 5916
21 887 1622 1757 2412 2552 2592 3282 3662 3752
75 225 565
39 322 521
59 234
12 119 326 1791 2750 2851
36 166 286 1036 1176
111 381 776 1106
21 887 1622 1757 2412 2552 2592 3282 3662 3752
16 197 646 1213 1363 1787 7578 7652 7836
75 225 565
39 322 521
59 234
12 119 326 1791 2750 2851
36 166 286 1036 1176
111 381 776 1106
223 529 773 898 1341 1457 1752 2086 5519 5584 5916
21 887 1622 1757 2412 2552 2592 3282 3662 3752
16 197 646 1213 1363 1787 7578 7652 7836
75 225 565
26 190 362 406
2 264
6 138 517 779 3193 3460
4 58 153 354 444 634 704 933 1028 1293 1383 1483
16 246 451 711
2 269 546 653 2026 2214 7550 7757
181 391 636 671
3 220 398 741 1036 2077 2261 3051 3175 3478
3 112 327
26 190 362 406
57 264
16 246 451 711
3 112 327
26 190 362 406
2 264
6 138 517 779 3193 3460
4 58 153 354 444 634 704 933 1028 1293 1383 1483
16 246 451 711
3 269 546 653 2026 2214 7550 7757
136 1619 1914 2049 2903 3003 3168 3238 3452 3487 3747 3827
181 391 636 671
3 220 398 741 1036 2077 2261 3051 3175 3478
3 112 327
26 190 362 406
2 264
6 138 517 779 3193 3460
4 58 153 354 444 634 704 933 1028 1293 1383 1483
16 246 451 711
25 269 546 653 2026 2214 7550 7757
136 1619 1914 2049 2903 3003 3168 3238 3452 3487 3747 3827
181 391 636 671
23 220 398 741 1036 2077 2261 3051 3175 3478
3 112 327
42 266 434
176 286 426 546 736 958
24 165 451 546 3617 3872
91 201 742 802 1041
339 529 708 993
130 257 434 715 900 1114 1472 1718 3270 3702 3889
74 82 607 762 822 1377
60 376 665
48 218 338
42 266 434
339 529 708 993
60 376 665
48 218 338
42 266 434
176 286 426 546 736 959
24 165 451 546 3617 3872
91 201 742 802 1041
339 529 708 993
130 257 434 715 900 1114 1472 1718 3270 3702 3889
3 82 607 762 822 1377
60 376 665
14 165 397 497 556 843 1154
48 218 338
42 266 434
24 165 451 546 3617 3872
91 201 742 802 1041
339 529 708 993
130 257 434 715 900 1114 1472 1718 3270 3702 3889
3 82 607 762 822 1377
60 376 665
2 165 397 497 556 843 1154
48 218 338
44 64 245 409 490
93 119 271 388 556 689
2 288 538 1092 1203 2163 2218 3352 3500
21 106 216 606 681 811
5 99 319 669 949
46 1215 1329 1479
199 251 429 489 786 989
2 629 853 1079 1275 3500 3639 3881
10 140 285 465
44 64 245 409 490
18 119 271 388 556 689
5 99 319 669 949
10 140 285 465
44 64 245 409 490
24 119 271 388 556 689
21 106 216 606 681 811
5 99 319 669 949
16 205 446 652 1023 1072 1240 1615 1797 4629 4768 5681 5792
2 629 853 1079 1275 3500 3639 3881
10 140 285 465
44 64 245 409 490
14 119 271 388 556 689
2 288 538 1092 1203 2163 2218 3352 3500
21 106 216 606 681 811
5 99 319 669 949
2 205 446 652 1023 1072 1240 1615 1797 4629 4768 5681 5792
46 1215 1329 1479
199 251 429 489 786 989
2 629 853 1079 1275 3500 3639 3881
10 140 285 465
18 119 271 388 556 689
2 288 538 1092 1203 2163 2218 3352 3500
21 106 216 606 681 811
5 99 319 669 949
3 205 446 652 1023 1072 1240 1615 1797 4629 4768 5681 5792
46 1215 1329 1479
199 251 429 489 786 989
2 629 853 1079 1275 3500 3639 3881
10 140 285 465
45 101 901 1133
3 226
44 475 929 1201 1721 1878
32 209 979 1089 1249
141 426 606 756
94 414 698 959 1633 2124 2436 5366 5459 5766
30 895 1435 2200 2260 3110 3180 3580
51 175 255 485 1310 1600
233 623 1119 1407 1576 1974 4188 4450 5221
392 556 680
45 101 901 1133
5 226
44 475 929 1201 1721 1878
141 426 606 756
392 556 680
3 226
44 475 929 1201 1721 1878
141 426 606 756
51 175 255 485 1310 1600
392 556 680
45 101 901 1133
3 226
44 475 929 1201 1721 1878
32 209 979 1089 1249
141 426 606 756
94 414 698 959 1633 2124 2436 5366 5459 5766
30 895 1435 2200 2260 3110 3180 3580
51 175 255 485 1310 1600
233 623 1119 1407 1576 1974 4188 4450 5221
392 556 680
45 101 901 1133
6 226
44 475 929 1201 1721 1878
32 209 979 1089 1249
141 426 606 756
94 414 698 959 1633 2124 2436 5366 5459 5766
30 895 1435 2200 2260 3110 3180 3580
51 175 255 485 1310 1600
233 623 1119 1407 1576 1974 4188 4450 5221
392 556 680
37 109 335 670 794
2 261
89 230 579 1129 2242 2480 2721
71 191 871 951 1101
72 422 622 822
27 93 162 241 477 690 1687 1963 2136 4002 4088 4714
20 1630 1735 1845 2575 2625 3030 3065 3315
41 261 846 1346
32 182 404 946 1202 1992 2047 2181
86 119 290
37 109 335 670 794
18 261
89 230 579 1129 2242 2480 2721
71 191 871 951 1101
72 422 622 822
32 182 404 946 1202 1992 2047 2181
86 119 290
37 109 335 670 794
18 261
89 230 579 1129 2242 2480 2721
72 422 622 822
86 119 290
37 109 335 670 794
3 261
71 191 871 951 1101
72 422 622 822
27 93 162 241 477 690 1687 1963 2136 4002 4088 4714
20 1630 1735 1845 2575 2625 3030 3065 3315
41 261 846 1346
32 182 404 946 1202 1992 2047 2181
86 119 290
37 109 335 670 794
12 261
89 230 579 1129 2242 2480 2721
71 191 871 951 1101
72 422 622 822
27 93 162 241 477 690 1687 1963 2136 4002 4088 4714
20 1630 1735 1845 2575 2625 3030 3065 3315
41 261 846 1346
32 182 404 946 1202 1992 2047 2181
86 119 290
21 164 433 803 861
33 146 436 566
107 187 1307 1477 1617
112 272 552 1212
50 335 631 738 1501 1563 1801 2052 2828 3906 4064 4487
6 106 1446 2085 2515 2750 2970 3120
127 277 957 1427
86 141 281 601
21 164 433 803 861
48 146 436 566
146 360 541 665 2191 2281 2453
107 187 1307 1477 1617
112 272 552 1212
3 335 631 738 1501 1563 1801 2052 2828 3906 4064 4487
127 277 957 1427
63 121 458 963 1200 1551 1696 2039 2119 2404
86 141 281 601
21 164 433 803 861
92 146 436 566
146 360 541 665 2191 2281 2453
107 187 1307 1477 1617
112 272 552 1212
127 277 957 1427
86 141 281 601
21 164 433 803 861
3 146 436 566
146 360 541 665 2191 2281 2453
107 187 1307 1477 1617
112 272 552 1212
3 335 631 738 1501 1563 1801 2052 2828 3906 4064 4487
6 106 1446 2085 2515 2750 2970 3120
127 277 957 1427
63 121 458 963 1200 1551 1696 2039 2119 2404
86 141 281 601
21 164 433 803 861
6 146 436 566
146 360 541 665 2191 2281 2453
107 187 1307 1477 1617
112 272 552 1212
5 335 631 738 1501 1563 1801 2052 2828 3906 4064 4487
6 106 1446 2085 2515 2750 2970 3120
127 277 957 1427
63 121 458 963 1200 1551 1696 2039 2119 2404
86 141 281 601
53 319 478 594
3 141 286
156 337 3060 3158 3248
201 1051 1311 1461
31 151 521 641 866 996 1306
473 654 981 1265 1994 2125 3185 4076 7411 7621 8236
91 926 1041 2311 2361 2861 2931
46 361 1541 2201
961 1280 2148 4151 4297 4642
106 221 307 710
53 319 478 594
51 141 286
156 337 3060 3158 3248
201 1051 1311 1461
31 151 521 641 866 996 1306
473 654 981 1265 1994 2125 3185 4076 7411 7621 8236
91 926 1041 2311 2361 2861 2931
46 361 1541 2201
66 141 286
156 337 3060 3158 3248
91 926 1041 2311 2361 2861 2931
46 361 1541 2201
53 319 478 594
23 141 286
156 337 3060 3158 3248
201 1051 1311 1461
31 151 521 641 866 996 1306
473 654 981 1265 1994 2125 3185 4076 7411 7621 8236
91 926 1041 2311 2361 2861 2931
46 361 1541 2201
961 1280 2148 4151 4297 4642
106 221 307 710
53 319 478 594
3 141 286
156 337 3060 3158 3248
201 1051 1311 1461
31 151 521 641 866 996 1306
473 654 981 1265 1994 2125 3185 4076 7411 7621 8236
91 926 1041 2311 2361 2861 2931
46 361 1541 2201
961 1280 2148 4151 4297 4642
106 221 307 710
304 484 596
3 177
8 264 629 804 970 1742 2325
133 459 565
232 382 787 912 1402
71 146 746 886 936 1116 1446 1576 1626 2156 2196 2496 2581
65 265 1045 1885
437 636 1117 1568 1965
156 886 1086
304 484 596
2 182
8 264 629 804 970 1742 2325
133 459 565
232 382 787 912 1402
25 133 268 569 812 1063 1182 1800 2595 4626 4711 5049 5169
71 146 746 886 936 1116 1446 1576 1626 2156 2196 2496 2581
65 265 1045 1885
437 636 1117 1568 1965
156 886 1086
133 459 565
71 146 746 886 936 1116 1446 1576 1626 2156 2196 2496 2581
65 265 1045 1885
156 886 1086
304 484 596
2 182
8 264 629 804 970 1742 2325
133 459 565
232 382 787 912 1402
25 133 268 569 812 1063 1182 1800 2595 4626 4711 5049 5169
71 146 746 886 936 1116 1446 1576 1626 2156 2196 2496 2581
65 265 1045 1885
437 636 1117 1568 1965
156 886 1086
69 329 529 599
20 270 517
45 225 945 1280
310 828 997 1186
3 308 808 1589 2876 3171 5399 6722 6837
11 3086 3326 3646
21 581 1291 1751 1841
6 408 917 1055 1423 1671 2076 2907 3330
69 329 529 599
42 270 517
75 385 679 1441 1857 2364 3088
45 225 945 1280
310 828 997 1186
2 308 808 1589 2876 3171 5399 6722 6837
11 3086 3326 3646
21 581 1291 1751 1841
6 408 917 1055 1423 1671 2076 2907 3330
69 329 529 599
16 270 507
45 225 945 1280
3 308 808 1589 2876 3171 5399 6722 6837
69 329 529 599
38 270 518
2 385 679 1441 1857 2364 3088
45 225 945 1280
310 828 997 1186
17 308 808 1589 2876 3171 5399 6722 6837
11 3086 3326 3646
21 581 1291 1751 1841
6 408 917 1055 1423 1671 2076 2907 3330
11 421 671
49 449 610 925
115 555 825
24 270 525 2053 2256 2656 2765
71 226 1536 1656 2166
70 251 580 929
23 256 657 1504 1642 2178 2784 5820 6121 6777
61 1341 1416 1496 1936 2066 2401 2501 3021 3681 3816 3866 4046 4096 4516 4616 4846
69 288 1003 1780
11 184 443 1030 1309 1922 2879 2986 3490
331 566 896
49 449 610 925
115 555 825
24 270 525 2053 2256 2656 2765
71 226 1536 1656 2166
70 251 580 929
90 256 657 1504 1642 2178 2784 5820 6121 6777
61 1341 1416 1496 1936 2066 2401 2501 3021 3681 3816 3866 4046 4096 4516 4616 4846
69 288 1003 1780
11 184 443 1030 1309 1922 2879 2986 3490
331 566 896
115 555 825
24 270 525 2053 2256 2656 2765
70 251 580 929
3 256 657 1504 1642 2178 2784 5820 6121 6777
11 184 443 1030 1309 1922 2879 2986 3490
49 449 610 925
115 555 825
24 270 525 2053 2256 2656 2765
71 226 1536 1656 2166
70 251 580 929
3 256 657 1504 1642 2178 2784 5820 6121 6777
61 1341 1416 1496 1936 2066 2401 2501 3021 3681 3816 3866 4046 4096 4516 4616 4846
69 288 1003 1780
11 184 443 1030 1309 1922 2879 2986 3490
331 566 896
44 212 344
30 140 530 1910 2090
10 140 520 1265 1615 1775 3135 3945 4125
384 649 1899 2719
44 212 344
30 140 530 1910 2090
10 140 520 1265 1615 1775 3135 3945 4125
384 649 1899 2719
44 212 344
10 140 520 1265 1615 1775 3135 3945 4125
59 241 395
2 316 586
10 279 3435 3607
83 314 1173 1337
42 262 451 601
2 567 1068 1229 2464 3379 3711 6866 6944 7044
31 786 1036 1206 1466 1616 2151 2466 2675
280 559 1618 1966
509 734 2363 2493 2777
50 370 630
59 241 395
2 316 586
10 279 3435 3607
83 314 1173 1337
42 262 451 601
9 567 1068 1229 2464 3379 3711 6866 6944 7044
31 786 1036 1206 1466 1616 2151 2466 2675
280 559 1618 1966
509 734 2363 2493 2777
50 370 630
7 316 586
3 567 1068 1229 2464 3379 3711 6866 6944 7044
280 559 1618 1966
509 734 2363 2493 2777
50 370 630
16 76 277 471
20 145 442 522 592 867 1027
21 211 351 621
3 519 1211 1382 1640 1938 2285 2366 2601 3076 5210 5387 5634 6657 6793
258 596 1203 1582 1731
40 640 1316 1533 1663 1832 1988 2329 2488 2796
22 127 297
81 315 486 533
34 76 277 471
30 816 1242 1738 2495 2667
20 145 442 522 592 867 1027
21 211 351 621
2 519 1211 1382 1640 1938 2285 2366 2601 3076 5210 5387 5634 6657 6793
258 596 1203 1582 1731
112 417 972 1117 1557
40 640 1316 1533 1663 1832 1988 2329 2488 2796
22 127 297
12 76 277 471
30 816 1242 1738 2495 2667
21 211 351 621
112 417 972 1117 1557
40 640 1316 1533 1663 1832 1988 2329 2488 2796
22 127 297
95 347 1326
33 161 441 683
66 475 1868 6459 6734
21 401 1406 2296
657 972 1292 1907 2107 2497
33 614 1039 1356 3216 3604 4511 8433 8576 8787
454 1029 1154 1184 1289 1429 1464 1749 1854 1884 2104 2334 2377 3557 3607 3937 4102 4142 4762 4917 4967 5297 5407 5457
157 577 1902 2077 3442
435 1450 1655 2319 2409 4090 4304 4636
34 244 424 714
95 347 1326
18 161 441 683
66 475 1868 6459 6734
21 401 1406 2296
657 972 1292 1907 2107 2497
16 614 1039 1356 3216 3604 4511 8433 8576 8787
454 1029 1154 1184 1289 1429 1464 1749 1854 1884 2104 2334 2377 3557 3607 3937 4102 4142 4762 4917 4967 5297 5407 5457
157 577 1902 2077 3442
435 1450 1655 2319 2409 4090 4304 4636
34 244 424 714
29 161 441 684
657 972 1292 1907 2107 2497
34 244 424 714
123 278 351
46 351
36 291 829 1357 2046 2534 3468 3794
36 86 241 1061 1151 1251
124 214 324 359 459
6 503 758 996 1119 1926 2131 2582 6005 6392 6712
218 1813 1863 1993 2033 2153 2183 2323 2368 2778 2853 3278 3583
21 221 726 796 1046
27 449 599 738 987 1123 1491 2624 2798
120 260 405
123 278 351
46 351
36 291 829 1357 2046 2534 3468 3794
36 86 241 1061 1151 1251
124 214 324 359 459
2 503 758 996 1119 1926 2131 2582 6005 6392 6712
218 1813 1863 1993 2033 2153 2183 2323 2368 2778 2853 3278 3583
21 221 726 796 1046
66 449 599 738 987 1123 1491 2624 2798
120 260 405
123 278 351
46 351
124 214 324 359 459
21 221 726 796 1046
120 260 405
82 213 330
83 121 381 496
35 329 768 1086 2501 2666
52 192 272 812 962
65 314 453 587
3 348 912 1052 1487 1879 2102 3249 3363
30 180 1240 2020 3185 3405 3725 3960 4230 4400
201 396 686 856 1076 1186
163 525 2220 2655 2969 3116
30 100 260 450
82 213 330
83 121 381 496
35 329 768 1086 2501 2666
52 192 272 812 962
65 314 453 587
2 348 912 1052 1487 1879 2102 3249 3363
30 180 1240 2020 3185 3405 3725 3960 4230 4400
201 396 686 856 1076 1186
163 525 2220 2655 2969 3116
30 100 260 450
82 213 330
65 314 453 587
201 396 686 856 1076 1186
30 100 260 450
63 297 463
56 195 441
50 228 360 647 2061
75 187 549 630 729
221 436 801 961
41 271 371 541 581 751 921
3 184 701 1082 1201 1486 3778 3943
81 176 417 587
50 228 360 647 2323 2408
63 297 463
50 228 360 647 2323 2408
75 187 549 630 729
221 436 801 961
60 1010 1075 1835 1885 1965
41 271 371 541 581 751 921
2 184 701 1082 1201 1486 3778 3943
81 176 417 587
63 297 463
56 195 441
75 187 549 630 729
221 436 801 961
60 1010 1075 1835 1885 1965
41 271 371 541 581 751 921
2 184 701 1082 1201 1486 3778 3943
81 176 417 587
169 331 501 522
68 203 403
49 159 457 686 2520 2595
86 156 676 736 1096
171 331 421 481
5 245 413 543 961 1037 1238 3366 3444
187 572 642 827 857 1197 1362 1438 1538
187 318 348 566 779
100 285 581 668 850 1029 1505 1589 1875 2050
50 285 415
169 331 501 522
68 203 403
50 285 415
169 331 501 522
68 203 403
49 159 457 686 2520 2595
86 156 676 736 1096
171 331 421 481
187 572 642 827 857 1197 1362 1438 1538
187 318 348 566 779
2 285 581 668 850 1029 1505 1589 1875 2050
50 285 415
169 331 501 522
68 203 403
49 159 457 686 2520 2595
86 156 676 736 1096
171 331 421 481
11 245 413 543 961 1037 1238 3366 3444
187 572 642 827 857 1197 1362 1438 1538
187 318 348 566 779
2 285 581 668 850 1029 1505 1589 1875 2050
50 285 415
32 354 512
2 94 418 840 3766 3892
21 286 1216 1651
40 209 569 869
3 278 547 1043 1957 2242 2843 6902
181 1571 1741 4011 5056 5246
15 405 1015 1445 1495
44 310 655 952 1838 2196
11 81 241
32 354 512
3 561 931 1111
2 94 418 840 3766 3892
21 286 1216 1651
40 209 569 869
3 278 547 1043 1957 2242 2843 6902
181 1571 1741 4011 5056 5246
15 405 1015 1445 1495
49 310 655 952 1838 2196
11 81 241
32 354 512
2 94 418 840 3766 3892
21 286 1216 1651
40 209 569 869
23 278 547 1043 1957 2242 2843 6902
181 1571 1741 4011 5056 5246
15 405 1015 1445 1495
55 310 655 952 1838 2196
11 81 241
32 354 512
2 94 418 840 3766 3892
21 286 1216 1651
40 209 569 869
3 278 547 1043 1957 2242 2843 6902
181 1571 1741 4011 5056 5246
15 405 1015 1445 1495
31 310 655 952 1838 2196
11 81 241
39 299 597
2 601 714 920
25 126 335 626 1823 1868 2344
61 221 1390 1590
21 306 551 746
4 196 459 575 1155 1342 1608 4209
20 1420 1600 2700 3240 3457
11 161 986 1211 1271
21 143 438 681 1089 1322
21 201 331
39 299 597
3 601 714 920
25 126 335 626 1823 1868 2344
61 221 1390 1590
21 306 551 746
3 196 459 575 1155 1342 1608 4209
20 1420 1600 2700 3240 3457
11 161 986 1211 1271
2 143 438 681 1089 1322
21 201 331
39 299 597
2 601 714 920
25 126 335 626 1823 1868 2344
61 221 1390 1590
21 306 551 746
14 196 459 575 1155 1342 1608 4209
20 1420 1600 2700 3240 3457
11 161 986 1211 1271
13 143 438 681 1089 1322
21 201 331
39 299 597
2 601 714 920
25 126 335 626 1823 1868 2344
61 221 1390 1590
21 306 551 746
51 196 459 575 1155 1342 1608 4209
20 1420 1600 2700 3240 3457
11 161 986 1211 1271
3 143 438 681 1089 1322
21 201 331
9 333 602 642
3 461 710
3 588 2309 2601 2952 3043
21 161 1166 1266 1446
184 539 834 1024
11 305 529 764 1141 1298 1565 1697 1882 2256 2851 3025 5771 5912 7266 7348 7456
16 586 1196 1246 1471 1506 2116 2186 2501 2601
11 241 801 1001 1081
31 130 528 3143 3258 3417
3 50 304
9 333 602 642
18 461 710
3 588 2309 2601 2952 3043
21 161 1166 1266 1446
184 539 834 1024
3 305 529 764 1141 1298 1565 1697 1882 2256 2851 3025 5771 5912 7266 7348 7456
16 586 1196 1246 1471 1506 2116 2186 2501 2601
11 241 801 1001 1081
31 130 528 3143 3258 3417
3 50 304
9 333 602 642
3 461 710
3 588 2309 2601 2952 3043
21 161 1166 1266 1446
184 539 834 1024
46 305 529 764 1141 1298 1565 1697 1882 2256 2851 3025 5771 5912 7266 7348 7456
16 586 1196 1246 1471 1506 2116 2186 2501 2601
11 241 801 1001 1081
31 130 528 3143 3258 3417
3 50 304
9 333 602 642
3 461 710
2 588 2309 2601 2952 3043
21 161 1166 1266 1446
184 539 834 1024
3 305 529 764 1141 1298 1565 1697 1882 2256 2851 3025 5771 5912 7266 7348 7456
16 586 1196 1246 1471 1506 2116 2186 2501 2601
11 241 801 1001 1081
31 130 528 3143 3258 3417
3 50 304
13 69 471 645
14 499 853 2804 2886
26 96 356 746 876
3 625 895 1226 3211 3702 4123 8705 8815 8931
31 1366 1421 1551 1671 2071 2401 2511
76 346 1306 1416 1441
734 1678 2017 2355 3931 4062 4376
51 131 801 1211
13 69 471 645
14 499 853 2804 2886
58 183 238 408 448 1298 1338 1538 1688 1768
26 96 356 746 876
3 625 895 1226 3211 3702 4123 8705 8815 8931
31 1366 1421 1551 1671 2071 2401 2511
76 346 1306 1416 1441
734 1678 2017 2355 3931 4062 4376
51 131 801 1211
13 69 471 645
7 50 378 602
14 499 853 2804 2886
58 183 238 408 448 1298 1338 1538 1688 1768
26 96 356 746 876
2 625 895 1226 3211 3702 4123 8705 8815 8931
31 1366 1421 1551 1671 2071 2401 2511
76 346 1306 1416 1441
734 1678 2017 2355 3931 4062 4376
51 131 801 1211
13 69 471 645
14 499 853 2804 2886
2 625 895 1226 3211 3702 4123 8705 8815 8931
31 1366 1421 1551 1671 2071 2401 2511
76 346 1306 1416 1441
734 1678 2017 2355 3931 4062 4376
13 69 471 645
7 50 378 602
14 499 853 2804 2886
58 183 238 408 448 1298 1338 1538 1688 1768
26 96 356 746 876
3 625 895 1226 3211 3702 4123 8705 8815 8931
31 1366 1421 1551 1671 2071 2401 2511
76 346 1306 1416 1441
734 1678 2017 2355 3931 4062 4376
51 131 801 1211
14 56 308 497
22 504 743 2104 2297
46 212 726 765
7 72 302 602 692
2 352 631 785 1604 1764 3216
26 81 891 931 1026 1636 2071 2156
86 291 376 1006 1396
17 399 584 733 932 1542 1633 1828
14 56 308 497
22 57 272 417
22 504 743 2104 2297
46 212 726 765
7 72 302 602 692
48 352 631 785 1604 1764 3216
26 81 891 931 1026 1636 2071 2156
86 291 376 1006 1396
19 399 584 733 932 1542 1633 1828
124 219 604 1044
14 56 308 497
22 57 272 419
22 504 743 2104 2297
46 212 726 765
7 72 302 602 692
86 291 376 1006 1396
3 399 584 733 932 1542 1633 1828
124 219 604 1044
14 56 308 497
22 57 272 419
22 504 743 2104 2297
46 212 726 765
7 72 302 602 692
29 352 631 785 1604 1764 3216
26 81 891 931 1026 1636 2071 2156
86 291 376 1006 1396
31 399 584 733 932 1542 1633 1828
124 219 604 1044
14 56 308 497
22 57 272 419
22 504 743 2104 2297
46 212 726 765
7 72 302 602 692
3 352 631 785 1604 1764 3216
26 81 891 931 1026 1636 2071 2156
86 291 376 1006 1396
2 399 584 733 932 1542 1633 1828
124 219 604 1044
96 229 607 776 856
47 91 295 413 563 812
211 477 1007 3033
111 361 1126 1246 1426
32 76 406 560 696
44 340 821 1057 1943 2071 2546 3515 3849 4385 4476
31 121 1341 1951 2051 2861 3011 3191
87 322 422 872 1027 1087
25 201 576 1253 1324 1567 1647 2666 2711 2999
31 72 568 916 964 1063
96 229 607 776 856
47 91 295 413 563 812
211 477 1007 3033
111 361 1126 1246 1426
32 76 406 560 696
47 340 821 1057 1943 2071 2546 3515 3849 4385 4476
31 121 1341 1951 2051 2861 3011 3191
87 322 422 872 1027 1087
3 201 576 1253 1324 1567 1647 2666 2711 2999
31 72 568 916 964 1063
96 229 607 776 856
47 91 295 413 563 812
211 477 1007 3033
111 361 1126 1246 1426
32 76 406 560 696
23 340 821 1057 1943 2071 2546 3515 3849 4385 4476
31 121 1341 1951 2051 2861 3011 3191
87 322 422 872 1027 1087
3 201 576 1253 1324 1567 1647 2666 2711 2999
31 72 568 916 964 1063
96 229 607 776 856
47 91 295 413 563 812
211 477 1007 3033
111 361 1126 1246 1426
32 76 406 560 696
71 340 821 1057 1943 2071 2546 3515 3849 4385 4476
31 121 1341 1951 2051 2861 3011 3191
87 322 422 872 1027 1087
21 201 576 1253 1324 1567 1647 2666 2711 2999
31 72 568 916 964 1063
96 229 607 776 856
47 91 295 413 563 812
211 477 1007 3033
111 361 1126 1246 1426
32 76 406 560 696
47 340 821 1057 1943 2071 2546 3515 3849 4385 4476
31 121 1341 1951 2051 2861 3011 3191
87 322 422 872 1027 1087
3 201 576 1253 1324 1567 1647 2666 2711 2999
31 72 568 916 964 1063
12 251 446
36 116 361 564 759 928
50 410 954 1175 2431 2578 2893 2987
241 431 1230 1345 1500
21 131 870 1070 1230
3 200 933 1253 3639 4617 4976 9294 9384 9680
16 76 1799 3217 3317 3567
71 431 561 931 1361
81 933 1254 1653 1771 2328 2453 2931
11 121 481 831
12 251 446
36 116 361 564 759 928
241 431 1230 1345 1500
21 131 870 1070 1230
5 200 933 1253 3639 4617 4976 9294 9384 9680
16 76 1799 3217 3317 3567
71 431 561 931 1361
19 933 1254 1653 1771 2328 2453 2931
11 121 481 831
12 251 446
36 116 361 564 759 929
50 410 954 1175 2431 2578 2893 2987
241 431 1230 1345 1500
21 131 870 1070 1230
2 200 933 1253 3639 4617 4976 9294 9384 9680
71 431 561 931 1361
5 933 1254 1653 1771 2328 2453 2931
11 121 481 831
12 251 446
36 116 361 564 759 928
50 410 954 1175 2431 2578 2893 2987
241 431 1230 1345 1500
21 131 870 1070 1230
38 200 933 1253 3639 4617 4976 9294 9384 9680
16 76 1799 3217 3317 3567
71 431 561 931 1361
366 933 1254 1653 1771 2328 2453 2931
11 121 481 831
12 251 446
36 116 361 564 759 928
50 410 954 1175 2431 2578 2893 2987
241 431 1230 1345 1500
21 131 870 1070 1230
3 200 933 1253 3639 4617 4976 9294 9384 9680
16 76 1799 3217 3317 3567
71 431 561 931 1361
126 933 1254 1653 1771 2328 2453 2931
11 121 481 831
110 525 1518 2039 2246 2351 2551
12 65 247 481
8 309 648 981 1259 1755 2052
71 118 393 591
282 336 576 801
110 525 1518 2039 2246 2351 2551
16 116 1446 1611
12 65 247 481
105 174 763 1070 1544 2384 2794 3556 6941
30 110 2160 2220 2375 2555 4240 4940 5065
8 309 648 981 1259 1755 2051
126 157 316 576
71 118 393 591
110 525 1518 2039 2246 2351 2551
38 125 174 1463 1504 1631
12 65 247 481
105 174 763 1070 1544 2384 2794 3556 6941
30 110 2160 2220 2375 2555 4240 4940 5065
8 309 648 981 1259 1755 2050
126 157 316 576
71 118 393 591
282 336 576 801
110 525 1518 2039 2246 2351 2551
38 125 174 1463 1504 1633
12 65 247 481
105 174 763 1070 1544 2384 2794 3556 6941
30 110 2160 2220 2375 2555 4240 4940 5065
20 75 365 1035 1425
8 309 648 981 1259 1755 2051
126 157 316 576
71 118 393 591
282 336 576 801
110 525 1518 2039 2246 2351 2551
38 125 174 1463 1504 1631
12 65 247 481
105 174 763 1070 1544 2384 2794 3556 6941
30 110 2160 2220 2375 2555 4240 4940 5065
20 75 365 1035 1425
8 309 648 981 1259 1755 2051
126 157 316 576
30 138 373 576
24 184
81 617 955 1322 1428 1672 2158
10 115 510 780 975
46 196 655 949 1146 2510 3275 3694 5639
43 738 943 2365 3244 4864
118 438 508 963 1343
44 279 921 1150 1470 2247 2729
10 130 260 565
30 138 373 576
24 184
81 617 955 1322 1428 1672 2158
297 457 587 1137 1315 1485
10 115 510 780 975
46 196 655 949 1146 2510 3275 3694 5639
43 738 943 2365 3244 4864
118 438 508 963 1343
44 279 921 1150 1470 2247 2729
10 130 260 565
30 138 373 576
24 184
297 457 587 1137 1315 1485
10 115 510 780 975
118 438 508 963 1343
10 130 260 565
30 138 373 576
24 184
81 617 955 1322 1428 1672 2158
297 457 587 1137 1315 1485
10 115 510 780 975
46 196 655 949 1146 2510 3275 3694 5639
43 738 943 2365 3244 4864
118 438 508 963 1343
44 279 921 1150 1470 2247 2729
10 130 260 565
30 138 373 576
24 184
81 617 955 1322 1428 1672 2158
297 457 587 1137 1315 1485
10 115 510 780 975
46 196 655 949 1146 2510 3275 3694 5639
43 738 943 2365 3244 4864
118 438 508 963 1343
44 279 921 1150 1470 2247 2729
10 130 260 565
21 233 593 836
45 300 568
15 822 1297 2555 2723
41 196 1318 1493 1643
11 241 571
2 601 1030 1471 1934 2187 2634 3589 4090 7942 8091
356 487 3792
36 681 876 961
76 848 1676 1900 2596 2941 4163 4394
10 145 390
21 233 593 836
45 300 568
15 822 1297 2555 2723
41 196 1318 1493 1643
11 241 571
3 601 1030 1471 1934 2187 2634 3589 4090 7942 8091
76 848 1676 1900 2596 2941 4163 4394
10 145 390
21 233 593 836
45 300 568
15 822 1297 2555 2723
41 196 1318 1493 1643
11 241 571
362 486 3825
21 233 593 836
45 300 568
15 822 1297 2555 2723
41 196 1318 1493 1643
11 241 571
52 601 1030 1471 1934 2187 2634 3589 4090 7942 8091
356 487 3792
36 681 876 961
76 848 1676 1900 2596 2941 4163 4394
10 145 390
21 233 593 836
45 300 568
15 822 1297 2555 2723
41 196 1318 1493 1643
11 241 571
2 601 1030 1471 1934 2187 2634 3589 4090 7942 8091
356 487 3792
36 681 876 961
76 848 1676 1900 2596 2941 4163 4394
10 145 390
8 44 522 758 875
30 141 306
29 400 655 2796 3043
10 145 285 907 1032 1547
8 128 443 853 1138
18 452 1013 1256 1419 1893 2405 5117 5248 5351
241 1046 1836 3096
51 276 1291 1396
2 271 753 1225 1420 2616 2681
20 85 235 1088 1198
8 44 522 758 875
30 141 306
29 400 655 2796 3043
10 145 285 907 1032 1547
8 128 443 853 1138
39 452 1013 1256 1419 1893 2405 5117 5248 5351
241 1046 1836 3096
51 276 1291 1396
13 271 753 1225 1420 2616 2681
20 85 235 1088 1198
30 141 306
29 400 655 2796 3043
8 128 443 853 1138
20 85 235 1088 1198
8 44 522 758 875
30 141 306
29 400 655 2796 3043
10 145 285 907 1032 1547
8 128 443 853 1138
137 452 1013 1256 1419 1893 2405 5117 5248 5351
241 1046 1836 3096
51 276 1291 1396
14 271 753 1225 1420 2616 2681
20 85 235 1088 1198
8 44 522 758 875
30 141 306
29 400 655 2796 3043
10 145 285 907 1032 1547
8 128 443 853 1138
33 452 1013 1256 1419 1893 2405 5117 5248 5351
241 1046 1836 3096
51 276 1291 1396
29 271 753 1225 1420 2616 2681
20 85 235 1088 1198
28 136 429 598
16 147 320 559 629
2 401 599 808 968 2197 2311
46 164 248 415 444 1010 1213
32 142 472 692 972
3 440 951 1182 2933 3063 3410 5162 5330
111 226 281 441 1431 2541 2601 2851 2876 2996 3046 3166 3261 3391 3436 3566 3606 4011
136 584 917 1081 1151
5 396 587 1066 1755 2553 2819 4084 4226
26 102 217 397
28 136 429 598
16 147 320 559 629
24 401 599 808 968 2197 2311
46 164 248 415 444 1010 1213
32 142 472 692 972
20 440 951 1182 2933 3063 3410 5162 5330
111 226 281 441 1431 2541 2601 2851 2876 2996 3046 3166 3261 3391 3436 3566 3606 4011
136 584 917 1081 1151
5 396 587 1066 1755 2553 2819 4084 4226
3 102 217 397
28 136 429 598
3 102 217 397
28 136 429 598
16 147 320 559 629
9 401 599 808 968 2197 2311
46 164 248 415 444 1010 1213
32 142 472 692 972
18 440 951 1182 2933 3063 3410 5162 5330
111 226 281 441 1431 2541 2601 2851 2876 2996 3046 3166 3261 3391 3436 3566 3606 4011
136 584 917 1081 1151
3 102 217 397
28 136 429 598
16 147 320 559 629
18 401 599 808 968 2197 2311
46 164 248 415 444 1010 1213
32 142 472 692 972
2 440 951 1182 2933 3063 3410 5162 5330
111 226 281 441 1431 2541 2601 2851 2876 2996 3046 3166 3261 3391 3436 3566 3606 4011
136 584 917 1081 1151
5 396 587 1066 1755 2553 2819 4084 4226
16 102 217 397
18 133 512 672
10 390 2771 2919 3015
60 200 297 432 492 919 1084 1204
80 340 600 780
33 470 904 1136 1841 2017 3677 3850 4014
45 153 253 2057 2337 2727 4826 5266 5436
41 166 996 1511 1701 1751
2 697 1403 1853 2212 3017 3167 3417
31 176 346 466
18 133 512 672
71 236
10 390 2771 2919 3015
60 200 297 432 492 919 1084 1204
80 340 600 780
49 470 904 1136 1841 2017 3677 3850 4014
45 153 253 2057 2337 2727 4826 5266 5436
41 166 996 1511 1701 1751
143 697 1403 1853 2212 3017 3167 3417
31 176 346 466
18 133 512 672
71 236
80 340 600 780
18 133 512 672
71 236
10 390 2771 2919 3015
60 200 297 432 492 919 1084 1204
80 340 600 780
30 470 904 1136 1841 2017 3677 3850 4014
45 153 253 2057 2337 2727 4826 5266 5436
41 166 996 1511 1701 1751
2 697 1403 1853 2212 3017 3167 3417
31 176 346 466
18 133 512 672
71 236
10 390 2771 2919 3015
60 200 297 432 492 919 1084 1204
80 340 600 780
14 470 904 1136 1841 2017 3677 3850 4014
45 153 253 2057 2337 2727 4826 5266 5436
41 166 996 1511 1701 1751
134 697 1403 1853 2212 3017 3167 3417
31 176 346 466
29 245 521 682
37 253
2 533 730 5094 5174
81 331 1156 1246 1376
74 374 711
7 447 681 963 1431 2007 2321 2489 5121 5240 6166 6289
31 386 1341 2381 2506 2586 3051 3406 3856 4071 4156 4216
370 675 1225 1745 1795
87 623 771 1004 1128 1181 2807 2913 3425
11 111 341
29 245 521 682
37 253
2 533 730 5094 5174
81 331 1156 1246 1376
7 447 681 963 1431 2007 2321 2489 5121 5240 6166 6289
31 386 1341 2381 2506 2586 3051 3406 3856 4071 4156 4216
370 675 1225 1745 1795
2 623 771 1004 1128 1181 2807 2913 3425
11 111 341
29 245 521 682
37 253
2 533 730 5094 5174
81 331 1156 1246 1376
31 386 1341 2381 2506 2586 3051 3406 3856 4071 4156 4216
370 675 1225 1745 1795
28 623 771 1004 1128 1181 2807 2913 3425
11 111 341
29 245 521 682
37 253
2 533 730 5094 5174
81 331 1156 1246 1376
74 374 689 712
7 447 681 963 1431 2007 2321 2489 5121 5240 6166 6289
31 386 1341 2381 2506 2586 3051 3406 3856 4071 4156 4216
370 675 1225 1745 1795
6 623 771 1004 1128 1181 2807 2913 3425
11 111 341
37 253
2 533 730 5094 5174
81 331 1156 1246 1376
74 374 711
7 447 681 963 1431 2007 2321 2489 5121 5240 6166 6289
31 386 1341 2381 2506 2586 3051 3406 3856 4071 4156 4216
370 675 1225 1745 1795
2 623 771 1004 1128 1181 2807 2913 3425
11 111 341
8 52 258 422
10 310 418 563 690
9 364 629 959 1281 1462 1572
11 41 141 337 1472 1572 1872
41 211 415 520 682 762
3 323 543 736 875 1608 1859 2863 3000 4784 4906
18 34 73 1844 1887 2171 2231 3031 3360 3461
61 261 881 1121
7 217 479 870 917 1317 1412 1578
3 187 377 626 995
8 52 258 422
10 310 418 563 690
9 364 629 959 1281 1462 1572
11 41 141 337 1472 1572 1872
41 211 415 520 682 762
8 323 543 736 875 1608 1859 2863 3000 4784 4906
18 34 73 1844 1887 2171 2231 3031 3360 3461
61 261 881 1121
2 217 479 870 917 1317 1412 1578
3 187 377 626 995
8 52 258 422
10 310 418 563 690
11 41 141 337 1472 1572 1872
41 211 415 520 682 762
20 323 543 736 875 1608 1859 2863 3000 4784 4906
61 261 881 1121
2 217 479 870 917 1317 1412 1578
3 187 377 626 995
8 52 258 422
10 310 418 563 690
9 364 629 959 1281 1462 1572
11 41 141 337 1472 1572 1872
41 211 415 520 682 762
62 323 543 736 875 1608 1859 2863 3000 4784 4906
18 34 73 1844 1887 2171 2231 3031 3360 3461
61 261 881 1121
2 217 479 870 917 1317 1412 1578
3 187 377 626 995
8 52 258 422
10 310 418 563 690
9 364 629 959 1281 1462 1572
11 41 141 337 1472 1572 1872
41 211 415 520 682 762
3 323 543 736 875 1608 1859 2863 3000 4784 4906
18 34 73 1844 1887 2171 2231 3031 3360 3461
61 261 881 1121
2 217 479 870 917 1317 1412 1578
3 187 377 626 995
23 93 348 542 693
43 1052 1249 1697 2631 2722 2881
206 331 1081 1321 1461
11 518 798 868 1134 1298
88 387 846 1106 1301 2376 2565 5489 5661 5792
11 41 986 1096 1396 2156 2516 3176 3315 3375
126 346 631 821 871
41 639 855 966 1441 1772 1944 2089 2934 3020 3390
21 182 332 652
23 93 348 542 693
41 119 334 611 971 1123
43 1052 1249 1697 2631 2722 2881
206 331 1081 1321 1461
11 518 798 868 1134 1298
88 387 846 1106 1301 2376 2565 5489 5661 5792
11 41 986 1096 1396 2156 2516 3176 3315 3375
126 346 631 821 871
41 639 855 966 1441 1772 1944 2089 2934 3020 3390
21 182 332 652
23 93 348 542 693
41 119 334 611 971 1123
206 331 1081 1321 1461
11 518 798 868 1134 1298
11 41 986 1096 1396 2156 2516 3176 3315 3375
126 346 631 821 871
21 182 332 652
23 93 348 542 693
41 130
43 1052 1249 1697 2631 2722 2881
206 331 1081 1321 1461
11 518 798 868 1134 1298
88 387 846 1106 1301 2376 2565 5489 5661 5792
11 41 986 1096 1396 2156 2516 3176 3315 3375
126 346 631 821 871
41 639 855 966 1441 1772 1944 2089 2934 3020 3390
21 182 332 652
23 93 348 542 693
41 119 334 611 971 1123
43 1052 1249 1697 2631 2722 2881
206 331 1081 1321 1461
11 518 798 868 1134 1298
88 387 846 1106 1301 2376 2565 5489 5661 5792
11 41 986 1096 1396 2156 2516 3176 3315 3375
126 346 631 821 871
41 639 855 966 1441 1772 1944 2089 2934 3020 3390
21 182 332 652
86 841 3093 3228
133 287 2058 2158 2893
181 411 621 998
333 529 1038 1303 2128 2279 2470 2705
108 1648 1708 2398 2508 3692 4162 4192 4557 4601
202 742 1085 1179 1413 1945 2498 5120 5243
448 558 754
95 192 392 613
143 506 590
86 841 3093 3228
133 287 2058 2158 2893
181 411 621 998
333 529 1038 1303 2128 2279 2470 2705
108 1648 1708 2398 2508 3692 4162 4192 4557 4601
202 742 1085 1179 1413 1945 2498 5120 5243
448 558 754
95 192 392 613
143 506 590
86 841 3093 3228
181 411 621 998
333 529 1038 1303 2128 2279 2470 2705
108 1648 1708 2398 2508 3692 4162 4192 4557 4601
154 339 549 1186
202 742 1085 1179 1413 1945 2498 5120 5243
448 558 754
95 192 392 613
143 506 590
86 841 3093 3228
133 287 2058 2158 2893
181 411 621 998
333 529 1038 1303 2128 2279 2470 2705
108 1648 1708 2398 2508 3692 4162 4192 4557 4601
154 339 549 2249 2519 2554
202 742 1085 1179 1413 1945 2498 5120 5243
448 558 754
95 192 392 613
143 506 590
86 841 3093 3228
133 287 2058 2158 2893
181 411 621 998
333 529 1038 1303 2128 2279 2470 2705
108 1648 1708 2398 2508 3692 4162 4192 4557 4601
154 339 549 2249 2519 2554
202 742 1085 1179 1413 1945 2498 5120 5243
448 558 754
10 291 526 832
4 183 477 884 1013 1808 1923
2 302 501 727 1077 1844 1948 3649 3736 3826
36 361 556 1593 1771 2146 2249 2325
10 291 526 832
10 54 302 479 635 822
2 183 477 884 1013 1808 1923
71 140 440 589 749 1017 1112
3 387 738 790
3 302 501 727 1077 1844 1948 3649 3736 3826
6 605 1415 1505 1650
6 186 669 714 739
18 361 556 1593 1771 2146 2249 2326
11 101 316 671
10 291 526 832
10 54 302 479 635 822
9 183 477 884 1013 1808 1923
71 140 440 589 749 1017 1112
3 387 738 790
6 605 1415 1505 1644
6 186 669 714 739
30 361 556 1593 1771 2146 2249 2325
11 101 316 671
10 291 526 832
10 54 302 479 635 822
2 183 477 884 1013 1808 1924
71 140 440 589 749 1017 1112
3 387 738 790
2 302 501 727 1077 1844 1948 3649 3736 3826
6 605 1415 1505 1650
6 186 669 714 739
3 361 556 1593 1771 2146 2249 2325
11 101 316 671
10 291 526 832
10 54 302 479 635 822
24 183 477 884 1013 1808 1923
71 140 440 589 749 1017 1112
3 387 738 790
2 302 501 727 1077 1844 1948 3649 3736 3826
7 605 1415 1505 1650
6 186 669 714 739
42 361 556 1593 1771 2146 2249 2325
11 101 316 671
6 386 595 743
22 307 741 838 1454 1523
62 173 752 892
18 224 505 691 1017 1335 1708 1836 2061 2415
11 361 470 490 577 607 712 752 942 1176 1229
4 248 520 905 975
2 203 1686 2137 2652 3316 3414 3674
6 386 595 743
6 92 287 432 602 688
22 307 741 838 1454 1523
62 173 752 892
47 215 565
3 224 505 691 1017 1335 1708 1836 2061 3278 3330
11 361 470 490 577 607 712 752 942 1176 1229
3 203 1686 2137 2652 3316 3414 3674
37 92 229 744 884
6 386 595 743
6 92 287 432 602 688
22 307 741 838 1454 1523
62 173 752 892
47 215 565
3 224 505 691 1017 1335 1708 1836 2061 3278 3330
11 361 470 490 577 607 712 752 942 1176 1229
4 248 520 905 975
2 203 1686 2137 2652 3316 3414 3674
37 92 229 744 884
6 386 595 743
6 92 287 432 602 688
22 307 741 838 1454 1523
62 173 752 892
47 215 565
3 224 505 691 1017 1335 1708 1836 2061 3278 3330
2 203 1686 2137 2652 3316 3414 3477
37 92 229 744 884
6 386 595 743
6 92 287 432 602 688
22 307 741 838 1454 1523
62 173 752 892
47 215 565
3 224 505 691 1017 1335 1708 1836 2061 3278 3330
11 361 470 490 577 607 712 752 942 1176 1229
4 248 520 905 975
3 203 1686 2137 2652 3316 3414 3674
37 92 229 744 884
